Somnum. 5555

OEdip.Rex,118. 255 (216651551164. 365151. mear.

195. 19 ob.
223, 1156
241. 2⁴
246. 32 5153.
264. 24
275. 4
334. 255
346. 2
345. 255
357. 255

367. ib. 5

INDEX 01³ Av‘rnons. “ ’

8555155555. sacr.

1167. 73 note.
1168. 57 51).
1222. 25 55512
1266. 1155
1273. 22 51).
1286. 255
11). 36 5151.
1363. 255
1348. 59
1379. 47
1466. 35151.

143

3551155555. sm.
796. 256
ib. 565151.
641. 256
1631. 1155
1642. 2
1162. 3
1166. 255
1179. 2
1246. 365151.

” 1486. 55

TACITUS.

444. 11). 551). Antigone, 2. 37 effi& ael-mm, 5, 97

496. 195
597. 9151).
625. 255
674. 26515
686. 25151.
769. 195
713. 26 ob.
761. 255
766. 1155
730. 165
969. 25 9
1667. 54
1616. 25 5515.
1625. 19 ob.
1113. 375
1264. 25154.-
1222. 785
1267. 36 5155.
1271. 34
1367. 375
1468 7
1428. 22 515
1459. 375
OEd.Colon. 56. 256
76. 36 5159.
156. 1155154.
219. 2
259. 11).
336. 56
338. 11). 5153
355. 93
365. 346
383 25 q
384. 345
426. 195
421. 61
423. 196
555. 54
576. ib.
727. 58
728. 195
862. 3
’11). 66
964. 256
956. 76
985. 256
1621. 61
1119. 365155.
1126. 23
1127. 37 5615.
1145. 25 65751

7. 19f
35. 3
214. 2
226. 89
228. 365151.
269. 32 5153.
369. 375
462. 256
583. 339
ib. 375
638. 1155
967. 1155
629. 1155
1135. 34 5
1145. 11551
1316. 375
295. 35
368 11).
327. 256
11). 1159
11). 34 5
449. 166
533. 56
556. 375
919. 345

Ajax,

946. 3765151.
1662. 25 5
1616. 36 5151.
1617. 256
1623. 3
1117. 255515.
11). 11).
1231. 33 s
1263. ll
1273. 196
13. 115 ob.
43. 49

11). 565
241. 375
464. 566
545. 256
564. 1155
11). 345

Philoet.

1299. 25 6

815515. 1531156 ‚

196. 1156
361. 28 55156.

437. 196
631. 47

737. 375
738. 1155

12. 92 51).

13. 795

16. 255

22. 91 ob,
Agricol. 3. 97

7. 16

39. 5

TERENCE.

Andr. Prol. 3 266
26. 1156
1. l. 26. 1156
11524. 3955151.
11564. 32 51). 3.
115 66. 195
11571. 83
11599. 365154.
11. 318. 256
iii. 2. 8. 36 5155.
11511). 1155156.
11513. 88
11549. 36 5155.
3. 4. 755
4. 21. 28
5. 1. 535
11513. 37 6
iv. l. 22. 89 51).
ib. 51. 61
11557. 46
4.16. 83615
11519. 68
v. 2. 26. 96
11511). 76
115151. 2119. 33 f
11511). 36 ob. 4.
111. 19. 5515)
3. 26. 365156.
11). 61. 255
ν. 8. 5. 765
11). 7. 1155
11). 21. 88
1155512151. 3. 36
44. 51
1. 1. 32. 76 5
11). 79. 22
115164. 36 5154.
11. 2. 6. 48
11531. 35152.
3. 11. 11).

 

