(hemo, 000).
1106101015. 53. 76
17, 61. 48
1564. 1053
22. 82. 336
ib. 88. 48
Pandam l. 49
2. 28
De pet.
consul. 2. 31
3. 331
6. 15. 0610
15 46
9. 330
ib. 46
11. 76

DEMOSTHENES.

01))95 Α. ς’. 7541
Β. αἱ. 56 001).

Philipp. A. tp': 36 053.

370
ιδ’. 36055.
Δ. ιη’. 7501
De Halones. ι’. 56 055.
DeCherson. ιβ’. 256
ιγ’. 2605.
36 059.
Philipp. 1¹. ἵ. 2205.
θ’. 250
Δ. δ’. 26
330
ι’. 32 052

0. 00 01.οζ

ιε’. 766
1108100015 9. 89
’. ib.
DeMegal. β’. 339
11080100. ς’. 190
26
η’. 150
8. 150
ιε’. 370

ις’. 19 0 610
ιθ’. 376

κ’. 25 005. -

ια’. 15005.
κγ’. 370
κε’.“ 190

Ep. v. 1496 Δ. 36 051.

EURIPIDES.
Hecuba, 72. 11

356. 2 05. 5.

INDEX 01² 9117110118.

1101111101. mr.
Hecuba, 395. 3701
398. 1501
571. 18
629. 19 01).
691. 39 605.
697. 36 055.
754. 25 6610
864. 22
949. 69 .
965. 256
977· 55
981. 15.
1172. 59
1184. 22 05.
Orestes, 34. 1905.
686. 378
697. 339
Phoeniss. 49. 370

100. 10 f ·

299. 23
399. 55
419. 370
445. 346
519. 2
571. 399
594. 8705.
657. 190
15. 59
662. 15.
679. 15.
681. 196
878. 37 0610
837. 55
892. 370
946. 256
1645. l
1235. 35
1288. 370
1517. 58
1532. ib.
1597. 22
Medea, 473. 56
Hippolyt. 22. 23
161. 256
286. 1905.
510001. 64. 340
79. 32 053
144. 370

368. 55 · ’

Androm. 641. 22
· ’ 766. 15.
Troades, 147. 378

EUTROPIUS.

ii. 6. 86 ob.
12. 39 9052
19. 00 s

vi. 29. 13
ib. 898

HERODO'I'US.

1. 86. 786
v. 13. 78 0

139

1100000100. ster.
vii. 8. 32 053.
viii. 76. 786
ix. 38. 156

HOMER.

Iliad α’ 8. 1905.
78. ib. 01).
128. 38
125. 1901).
11). 376052.
236. 2
262. 34
⁴⁴⁷· ⁸1>- (ι)
537. 36

β’ 21. 1905.
52. np.(1)
97. 49 01).
148. 09909
151. apa
369. 1905.

348. {gg-(²)

³85. 56

742. 19 ob.
γ’ 4. 22

122. 25 01801

151. ap.(p)
235. 19 0

297. 32
299. 73 note.

gp ³2 61)·(0)
³⁶⁴: 111
. ap. (0

ε’ 98. ib. ob.
168. 26 05.
188. 1901).
221. 34
361, 250
464. 1905.
11). 1501
433. 36
⁴⁶7· 1905.
691. 34
639. 15.
664. 2201).
758. 34
,861 ει1)·(1)

1462. 1901).

 

