144

Τιιιιιοιι. m.
11000ιί13. 72. 3600107.

” ἶ ιι010)

. 0061.

ib ' ²1³· (0)
0061.

Adel. 1.
1627. 160061.
1641. 1062.

223. 390061.

ib. 76. 48
11. 1.39. 82 ob.
1643. 4
2. 39. 93

3. 1. 36 50103.

’11600010000600090.οιλ AEmid ῃ 13.
ι. . ιιι.

’ mnnx 01² Aurum.

Vuun..

16. 36062

ιΊι. 49

16 66

12. 19 06

33. 255

35. 2065.

15. 530 i

46. 2065.

15. 391063.

16 56006

61. 730010.

68. 4062.

76. 16

16 340

96. 56

111. 35

114 24

146. 2

ib. 39506
111. 39. 25 f

ib. wjobA.
iv. 26. ib. 506

vii. 21. 34 a
VALERIUS mcc.

iii. 177. 00 s
vnan.

ib. 2. 00 j Georg. iii. 000. 60)

ib. 7. 390061.

ib. 8. 79

ib. 9. 36 069.
111. 319. 79

1681. 36065.

1646. ib. ob. 8.

4. 54. 390061.

mffiw.wa
827. 92
Phor. ProL 12. 255
1. 2. 72. 21064.

111. l. 7. 360065.

10. 3. 38. 33 q
1656. 5
7. 16. 36 068.
0. 325. 32 ob. 3.
4 3 250

6. 4 36 noth.
ib. 34. 160068.

747. 28 note.
Hee.Prol. 6. 255
i. Ι. 16. 32063.
2. 22. 55
ii. l. 8. 750
ib. 15. 88
111. ib. 6. 48
1631. 255
415. 56 0
1632. 530

THUCYDIDES.

1. 4. 2
5. ib.
ib. 56

iv. 511. 33 0

AEneid i. 12. 16

72. 57
169. 16

125. 4
352. 26
419. ib.

. 436. 330
498. 160
16 066)
525. 38 069.
536. 16
546. 12
577. 256
596. 330
661. 2
666. 331
867. 46

142. 255
15. 565
156. 36 ob. 4.
159. 49
223. 330
231. 83
294. 25 0
345. 63 06
426. 49
471. 25 0
536. 36 nom„
536. 48
657. 36 not. 7.
676. 48
745. 56

111. 13, 16

Bw

ib. 396
27. 255
321. 16063.
433. 4806
584. 76
641. 330

iv. ιο. wf

71. 190
242. 190
521. 51
535. 12062.
599. 2
653. 76 0

v· 64 ιι06)

166. 255
195. 1
264. 190
291. 2
764. 26
729. ib.

· 01. 78. 4062.

91. 42

146. 26 01).
166. 25 note.
167. 36 069.
265. 330
276. 160
369. 160
311. 160
324. 190
335. 390
341. 56

362. 36

459. 565 '
579. 330
614. ap.(:)
669. 765
711. 165

771. 37 5

- 16 395
011. 21. 161

266. 330
217. 26
222. 43

0111. 114. 36 ob. 7.

239. 12

ix 346. 19 0

347. 160
354. 160
667. 336

ιι. 326. 56 ob. 2.
xi. 126. 36001. 7,-
xii. 899. 330
ΧΕΝΟΡΗΟΝ.

Anah. 1. 1. 6.· 25 5

2. 1. 160
ib. 5. 4
4. 8. 55
5. l. 49
ib. 4. 18 bis.
ib. 7. 28
8. 26. 76

 

