133

cm. 0οσ0
Β.11. 111. 3. 46
4. 32
9. 12
20. 13
23. 8
26. 46
28. 82
iv. 1. 13
11). 46
13. 48
24. 14 .
27. 48
31. 231
32. 11
v. 2. 230
11). 1100
4. 1301).
4 3911
6. 89
13. 11
19. 13νο1).
ib. 3901
22. 230
25. 49
30. 48
31. 9101.
vii. 33. 36 0109.
11. 37 0

CELSUS.
39 ,1110
1. 2. 73
18. 38
11. l. 16
11). 11.
. 3. 390
ib. 48
18. 76
11). 8101).

6313111111.

De 11. Μο11.
111ιο011. eous.

Praefat.

102. 36 01). 4.

CICERO.

Delnven. ii. 39. 371
43. 91
38. 371
00]

Or. 000

Quintio, 13, 42. 331

proleg.

Μιιι111. 3, 3. 6

IN DEX or,Au·rnonn.

(110000. unct. .
10601. iv. 7. 12 01411. vi. 2. 93
9. 101).2. vii. 8. 89. 01).
11). 370 xii. 23. 93 0102.

16. 331 110110. v. 16. 48
0001100012. 390 12. 9002.

23. 19 01). 11). 736
4. 8. 11). 01. 16. 901. 2.
11123. 231) 11). 7311
1431. 23 0 mom.
1332. 33 s 1. 9. 901).2.
1634. 1101 11. 736
1733. ima iii. 23. 331
26. 42. 1 iv. 19. 48
2144 32 01. 2. v. 27. 11).
22. 46. 26 ·
11).11). 28 001. 3.
2331. 10104. ,44 33
27057· 393 DOLflgg· i· 15· 250
00030110, 2. 4. 26 0 22. 730
pro Arch. 3. 3. 48 23. 12
3. 6. 11). 11001110. 1111. 48
00010100 14. 86 01).
sua, 41.108. 33 19. 736
pro ib. iud
Plane. 32. 79. 73 0 24. 86 01).
3382. 93 26. 331
34. 33. 731 27. 1100018.
11083. 11). 36. 48 0016.
3387. 1100 31. 230
0003001. 1943. 73 0 32. 231
2866. 77 ib. 39 10102
11).11). 86 37. 00. (1)
11).11). 82 38. 76 0010
36. 66. 79 39. 39 jobel.
3167. 32 46. ’0010)
11063. 33 41. 320103.
33. 72. 730 11. 1. 00ἒο)
36. 78. 33 2. 00. τ
3881. 73 3. 0016)
- 31). 1113. 37 4. 231
31. 169. 11. 11. 28
611128. 11). . 0011)
emm& 11 w
3 ww

ww
000

11. 81110.
12. 730 ’
13. 1100
31. 93
110 Amic. 2. 6. 330
1108. 44
316. 48
6. 22. 87

cmm. sm

De Nat. 11000.

63132. 73 0

000 Μ11. 1433. 370 7.

1642. 66
pro Mare. 2. 3. 331)
313. 36 0104.
11).11). 390
11).11). 0011)
7.21. 41
11. 23. 39 70101
Phil. 11.. 44. 38
xiii. 6. 4

1. 14. 36 01). 9. ’

311. 390011 ,11001
6.·14. 94 0101. 1110001006

321. 1100101. 1001000021. 330
1441. 11).01,1. Ep. ad ·

13. 44. 36 01. 4. Divers. v. 12. 89
1643. 11). 01. 4.

11).11). 0011)
19. 37. 88
10601. 1. 3. 38 ιι. 8. 39 00101
iii. 3. 3110 xi. 13. 330
6. 390 061111. ἰν. 7. 210104.

7. 23. 11).
9. 29. 43

. 19. 34. 11).

0000
000
000
000
mmmm
0001
000

40000

 

