142 100οι1 or 1000000.

110100. 0001.Ροιο 0001 61110. 0001.
3101000319. 33 Ρ10103.3230.39]’01).4.11011ιῃ).1ι 131. 33
3300110οι A. 4 1)01103”1.3490.62 1110001. 1930. 62
13. 730 1113931193 80311101. 2270. 320113.
3. 99 4140. 64 2361162
Eumenen 2. 26 0139611193 Phileb. 171. 64
9. 93 11379064 29032
11). 76 PhoedruA 390. 73 note. 1033. 16320. 64
11. 760 2240. 96031. 01737011).
13 ib. 2320. 22 01). 1116931. ib.
Phocion 3. 93 2420. 49
ι. 01100. 0000. ιι PLAUTUS.
Timoleon 2. 4 2360. 4 Bacch. ii. 9. 49. 21 ob. 4.
11). 39 j 2690. 49 1600. v. 3. 31. 130114.

4· ⁹⁰ ²⁷¹ 4· 44 44 0111001.

110110 313003. 39] 2731196
Hannibal 312 Lysis 2931. 201). 2. {vatilla 3. 25 0

7. 13 01). 2120. 62 4. iba
Atticus 13. 26 11001101 1960. 49 A 331)
17. 11). 0110101131360. 63 14. 1032.
139 0. 34 29. 33 s
011Ῐῦ· Aleib. 111111. 11). 31. 330
Metam. 1. 437. 33 131179 43. 13
11195, 9ο ⁸ 1141. 34 ib. 393
1230. 236 43. 9101).
PERSIUS. 01013100 497 0. 34 49. 96
Sat. 111. 3. 6 4960 360111 31. 10112.
43, ib, Euthyd. 2711. 62101) 61. 26

v. 90. 003 ib· 0. ib. ib. 90

13. 0. 13. 30301111. 1.12

10 Aa ³· A·

0131031146 2830. 20112.
v. 7. 23 301). 2670. 62
xi. ib. 1901). 2660. 66 16. 92 032.
xiii. 19. 13. 01). 2990. 230 22. 12 310.
29. 1301). 29211. 9701). 66. 14
38. 13. 01). 2931. 11). 01). 39. 3
13033) Meno 741. 239 63. 36 039.
119. ib. 01). 11). 0. 11).] 73. 12
Pythian' ι. 16. ib. ob. ib. 0. 39 3034. 114. 13
19.11).01ι.11).0.62 144. 396
21. ib.⁰b. 730. 34
ffi· ¹7· 3 313, 259 sHAKEsPEARR
Frag. (163) ib. 37 0. 34 100300. iv. 3. 17
631111). Ver. 4. 11).
PLATO 001. 1οι Auen. v. 1. 10 ob.

Ap ,Soc 221149 910. 34 IV. 3. 360319.

6111. 431. 64 920. 33 f A. 171010.

Pboedon, 371. 33 930. 250 ib. 190
630. 23 f 1110. 4 21100. 1111. 2901).
630. 32 0113. 11). 0. 230 1v. ib. 63
1961124 1110. 33 01119
1111111). 1310230 41· 4 44131).

ympoA. 1760. 49 941. 4 MidAumA.

(101110 4480. 64 11). A. 33 3111001011. 11) 01) 19
4320196 96 c. 233 Cymbeline 130319.
4691154 990. 130 0130110 11101119.
463011). 1301116610 Tr.&.Cr 1. 3 190
3391. 64 Eutbyph. 30. 49 ·

0001 62 01. 101 SOPHOCLES·
396 0. 33 1110. 1113 (1111131101, 2. 259

Ρ10103. 310 0. 19 01). 70133 69. 130 ’
3121. ib.0b. 121. 133 191. 21
3230. 23 s 140. 24 192. 19 s

 

