10011 ou 1010011. 141

Ηο11101). sm. 1111. sacr. 1111. sm.
Epist. 11959. 5 111. 5. ib. 111131. 33 9

15. 2. 33 s
16. ib. 16 0112.
11149. 87 01).
011Αο-
9111111. l. 55. 33
11). 11). 370
Ars Ρο01. 435. 2701).
11). 39 f

J UVENAL.

Sat. vi. 53. 75 0
x. 253. 255
xi. 23. 195

799
9. 255
11). 38

11). 3900113,
11). 48 01).
11). 61

11). 9105.
12. 32 0113.
13. 89 01). 2.
19. 2
26. 30112.

27· 75
39. 1014011

34. 3900111.
41. 339
46. 76 0
47. 26
49. 3900111.
xxii. 2. 36 0119.
3. 339
22. 1119
23. 36 0119.
25. 4411010.
11). 536
59. 36

LUCIAN.

1111. 40· 4¹⁶ss emmer. 019
¹ il.ffib ffl,ffi 6

ξ. {gom gg: gob· l· 1001111100.

19. 390112. ib, 330
{ii {g iv. 15. 22
³⁵· sai 11 33⁶ Nm
26. 3900111. Miltiades 3. 57
39, 1111 23. 331 . , ib. 192
47· 4 26. 375 7. 336
11). 111 11). 39 obis 11). 36 0114.
59. 32 0112. 39, 5 11). “P-(5)
58. 13 11). 15 ob. Themistocles 2. 390
11). 396 11). 48 · 4. 26
&a 161 m.ffl ffi aea
4. 39 90111. 37. 22 note. 9. 56
5, 1116 39. 255 Pausanias l. 93
6. 190 11). 1110 2. 90
7. 36 0112. 49. 93 Cimon l. 3900111.
9. 320113. 44. 11). 3. 36 0114.
19. 5 11). 99 4. 250
12. 25 1101511 48. 93 ib. 2611010.
13. 3311 49. 4 11). 36 0119.
18. 2811015. ib. 3900111. 11). 46
59. 5 11). 59 001).
51. 39 9 Lysander 1. 5
55. 1119 2. 3900111.
57. 11190111. 4. 75
58. 11190111. Alcibiades 1. 76
24. 2701). 69. 11190111. 3. 3900111.
11). 28 not. 5. v. 2. 11190111. 9. 53 0
39. 11101). 3. 1119 ’16110950100 3. 46
49. 250 11). 48 4. 535511.
43. 57 7. 11). Conon 3. 75
49. 27 01). xxi. 4. 11). Dion 5. 26
11). 561 11). 11). 6.
59. 26 8. 330 Timotheus 2. 26
51. 199 12. 16 Datames 3. 85
56. 3311 17. 250 4. 395511
11). 52 0112. 18. 1115 11). 76
59. 39 551). 22. 81 5. 255
61. 48 11). 94 11). 395
65. 56 29. 26 9. 57
iii. 1. 16 39. 370 Epaminondas 1. 48
2. 16 11). 74 0111. 2. 250
ib. 89 01). 2. ib. 79 4. 26
3. 16 11). 81 7. 40112.
4 111511. 11). 11). -9, 9201).

111. 115. 8601).
vi. 793. ib.

31. 119

29. 25 0
22. 13 01).
11). 396
11). 56 05. 2.
23. 11).

11)·(9

 

